47,38
47,37
47,36
45,2
44,4
47,35
44,1
44,3
45,1
45,3
10,275
10,86
10,95
10,66
10,2
10,3
9,7
9,6
9,4
8,4
8,6
8,9
8,12
8,15
8,17
12,2
12,1
11,28
11,27
11,26
11,25
11,24
11,23
11,22
11,21
11,20
11,19
11,18
11,17
11,16
11,15
12,3
11,14
11,13
11,12
11,11
11,10
11,9
11,8
11,7
11,6
11,5
11,4
11,3
11,2
11,1
10,302
10,301
10,300
10,299
10,298
10,297
10,296
10,295
10,284
10,283
10,272
10,268
10,257
10,256
10,254
10,242
10,234
10,214
20,2
20,1
10,200
20,3
10,185
10,180
10,157
10,149
10,141
10,136
10,126
10,124
19,2
19,1
10,113
